start=6.100000
volume=94.000000
mute=yes
contrast=1
